{
  "nbformat": 4,
  "nbformat_minor": 0,
  "metadata": {
    "colab": {
      "provenance": [],
      "mount_file_id": "1fFLds3M08z2KLmTHOGwubFANI9N2g4rO",
      "authorship_tag": "ABX9TyOQ8RALu/oVyLqg0Xaf4uyq",
      "include_colab_link": true
    },
    "kernelspec": {
      "name": "python3",
      "display_name": "Python 3"
    },
    "language_info": {
      "name": "python"
    }
  },
  "cells": [
    {
      "cell_type": "markdown",
      "metadata": {
        "id": "view-in-github",
        "colab_type": "text"
      },
      "source": [
        "<a href=\"https://colab.research.google.com/github/absee1107/PowerBIProjectSample/blob/main/Data_Analysis_With_Python.ipynb\" target=\"_parent\"><img src=\"https://colab.research.google.com/assets/colab-badge.svg\" alt=\"Open In Colab\"/></a>"
      ]
    },
    {
      "cell_type": "code",
      "execution_count": 1,
      "metadata": {
        "id": "duc3Kc1p4wWQ"
      },
      "outputs": [],
      "source": [
        "import pandas as pd\n",
        "import numpy as np\n",
        "import matplotlib.pyplot as plt\n",
        "import seaborn as sns"
      ]
    },
    {
      "cell_type": "code",
      "source": [
        "df = pd.read_csv('/BaseBall.csv')"
      ],
      "metadata": {
        "id": "22igrB5esx1q"
      },
      "execution_count": 5,
      "outputs": []
    },
    {
      "cell_type": "code",
      "source": [
        "df.head()"
      ],
      "metadata": {
        "colab": {
          "base_uri": "https://localhost:8080/",
          "height": 300
        },
        "id": "9GD3ywDDtE3r",
        "outputId": "15ff566b-67ed-4afa-d1c1-6e77b1419eb8"
      },
      "execution_count": 6,
      "outputs": [
        {
          "output_type": "execute_result",
          "data": {
            "text/plain": [
              "       Lname   Fname Team_at_the_End_of  Times_at  Hits_in  Home_Runs  \\\n",
              "0   Allanson    Andy          Cleveland       293       66          1   \n",
              "1      Ashby    Alan            Houston       315       81          7   \n",
              "2      Davis    Alan            Seattle       479      130         18   \n",
              "3     Dawson   Andre           Montreal       496      141         20   \n",
              "4  Galarraga  Andres           Montreal       321       87         10   \n",
              "\n",
              "   Runs_in  RBIs_in  Walks_in  Years_in  ...  Career_Walks  League_at_the  \\\n",
              "0       30       29        14         1  ...            14       American   \n",
              "1       24       38        39        14  ...           375       National   \n",
              "2       66       72        76         3  ...           263       American   \n",
              "3       65       78        37        11  ...           354       National   \n",
              "4       39       42        30         2  ...            33       National   \n",
              "\n",
              "   Division  Position  Put_Outs  Assists Errors 1987_Salary League  Log_Salary  \n",
              "0      East         C       446       33     20      535.92     AE     5.92000  \n",
              "1      West         C       632       43     10      475.00     NW     6.16331  \n",
              "2      West        1B       880       82     14      480.00     AW     6.17379  \n",
              "3      East        RF       200       11      3      500.00     NE     6.21461  \n",
              "4      East        1B       805       40      4       91.50     NE     4.51634  \n",
              "\n",
              "[5 rows x 25 columns]"
            ],
            "text/html": [
              "\n",
              "  <div id=\"df-19a55507-6b9b-4718-8a91-a491248ee52f\">\n",
              "    <div class=\"colab-df-container\">\n",
              "      <div>\n",
              "<style scoped>\n",
              "    .dataframe tbody tr th:only-of-type {\n",
              "        vertical-align: middle;\n",
              "    }\n",
              "\n",
              "    .dataframe tbody tr th {\n",
              "        vertical-align: top;\n",
              "    }\n",
              "\n",
              "    .dataframe thead th {\n",
              "        text-align: right;\n",
              "    }\n",
              "</style>\n",
              "<table border=\"1\" class=\"dataframe\">\n",
              "  <thead>\n",
              "    <tr style=\"text-align: right;\">\n",
              "      <th></th>\n",
              "      <th>Lname</th>\n",
              "      <th>Fname</th>\n",
              "      <th>Team_at_the_End_of</th>\n",
              "      <th>Times_at</th>\n",
              "      <th>Hits_in</th>\n",
              "      <th>Home_Runs</th>\n",
              "      <th>Runs_in</th>\n",
              "      <th>RBIs_in</th>\n",
              "      <th>Walks_in</th>\n",
              "      <th>Years_in</th>\n",
              "      <th>...</th>\n",
              "      <th>Career_Walks</th>\n",
              "      <th>League_at_the</th>\n",
              "      <th>Division</th>\n",
              "      <th>Position</th>\n",
              "      <th>Put_Outs</th>\n",
              "      <th>Assists</th>\n",
              "      <th>Errors</th>\n",
              "      <th>1987_Salary</th>\n",
              "      <th>League</th>\n",
              "      <th>Log_Salary</th>\n",
              "    </tr>\n",
              "  </thead>\n",
              "  <tbody>\n",
              "    <tr>\n",
              "      <th>0</th>\n",
              "      <td>Allanson</td>\n",
              "      <td>Andy</td>\n",
              "      <td>Cleveland</td>\n",
              "      <td>293</td>\n",
              "      <td>66</td>\n",
              "      <td>1</td>\n",
              "      <td>30</td>\n",
              "      <td>29</td>\n",
              "      <td>14</td>\n",
              "      <td>1</td>\n",
              "      <td>...</td>\n",
              "      <td>14</td>\n",
              "      <td>American</td>\n",
              "      <td>East</td>\n",
              "      <td>C</td>\n",
              "      <td>446</td>\n",
              "      <td>33</td>\n",
              "      <td>20</td>\n",
              "      <td>535.92</td>\n",
              "      <td>AE</td>\n",
              "      <td>5.92000</td>\n",
              "    </tr>\n",
              "    <tr>\n",
              "      <th>1</th>\n",
              "      <td>Ashby</td>\n",
              "      <td>Alan</td>\n",
              "      <td>Houston</td>\n",
              "      <td>315</td>\n",
              "      <td>81</td>\n",
              "      <td>7</td>\n",
              "      <td>24</td>\n",
              "      <td>38</td>\n",
              "      <td>39</td>\n",
              "      <td>14</td>\n",
              "      <td>...</td>\n",
              "      <td>375</td>\n",
              "      <td>National</td>\n",
              "      <td>West</td>\n",
              "      <td>C</td>\n",
              "      <td>632</td>\n",
              "      <td>43</td>\n",
              "      <td>10</td>\n",
              "      <td>475.00</td>\n",
              "      <td>NW</td>\n",
              "      <td>6.16331</td>\n",
              "    </tr>\n",
              "    <tr>\n",
              "      <th>2</th>\n",
              "      <td>Davis</td>\n",
              "      <td>Alan</td>\n",
              "      <td>Seattle</td>\n",
              "      <td>479</td>\n",
              "      <td>130</td>\n",
              "      <td>18</td>\n",
              "      <td>66</td>\n",
              "      <td>72</td>\n",
              "      <td>76</td>\n",
              "      <td>3</td>\n",
              "      <td>...</td>\n",
              "      <td>263</td>\n",
              "      <td>American</td>\n",
              "      <td>West</td>\n",
              "      <td>1B</td>\n",
              "      <td>880</td>\n",
              "      <td>82</td>\n",
              "      <td>14</td>\n",
              "      <td>480.00</td>\n",
              "      <td>AW</td>\n",
              "      <td>6.17379</td>\n",
              "    </tr>\n",
              "    <tr>\n",
              "      <th>3</th>\n",
              "      <td>Dawson</td>\n",
              "      <td>Andre</td>\n",
              "      <td>Montreal</td>\n",
              "      <td>496</td>\n",
              "      <td>141</td>\n",
              "      <td>20</td>\n",
              "      <td>65</td>\n",
              "      <td>78</td>\n",
              "      <td>37</td>\n",
              "      <td>11</td>\n",
              "      <td>...</td>\n",
              "      <td>354</td>\n",
              "      <td>National</td>\n",
              "      <td>East</td>\n",
              "      <td>RF</td>\n",
              "      <td>200</td>\n",
              "      <td>11</td>\n",
              "      <td>3</td>\n",
              "      <td>500.00</td>\n",
              "      <td>NE</td>\n",
              "      <td>6.21461</td>\n",
              "    </tr>\n",
              "    <tr>\n",
              "      <th>4</th>\n",
              "      <td>Galarraga</td>\n",
              "      <td>Andres</td>\n",
              "      <td>Montreal</td>\n",
              "      <td>321</td>\n",
              "      <td>87</td>\n",
              "      <td>10</td>\n",
              "      <td>39</td>\n",
              "      <td>42</td>\n",
              "      <td>30</td>\n",
              "      <td>2</td>\n",
              "      <td>...</td>\n",
              "      <td>33</td>\n",
              "      <td>National</td>\n",
              "      <td>East</td>\n",
              "      <td>1B</td>\n",
              "      <td>805</td>\n",
              "      <td>40</td>\n",
              "      <td>4</td>\n",
              "      <td>91.50</td>\n",
              "      <td>NE</td>\n",
              "      <td>4.51634</td>\n",
              "    </tr>\n",
              "  </tbody>\n",
              "</table>\n",
              "<p>5 rows × 25 columns</p>\n",
              "</div>\n",
              "      <button class=\"colab-df-convert\" onclick=\"convertToInteractive('df-19a55507-6b9b-4718-8a91-a491248ee52f')\"\n",
              "              title=\"Convert this dataframe to an interactive table.\"\n",
              "              style=\"display:none;\">\n",
              "        \n",
              "  <svg xmlns=\"http://www.w3.org/2000/svg\" height=\"24px\"viewBox=\"0 0 24 24\"\n",
              "       width=\"24px\">\n",
              "    <path d=\"M0 0h24v24H0V0z\" fill=\"none\"/>\n",
              "    <path d=\"M18.56 5.44l.94 2.06.94-2.06 2.06-.94-2.06-.94-.94-2.06-.94 2.06-2.06.94zm-11 1L8.5 8.5l.94-2.06 2.06-.94-2.06-.94L8.5 2.5l-.94 2.06-2.06.94zm10 10l.94 2.06.94-2.06 2.06-.94-2.06-.94-.94-2.06-.94 2.06-2.06.94z\"/><path d=\"M17.41 7.96l-1.37-1.37c-.4-.4-.92-.59-1.43-.59-.52 0-1.04.2-1.43.59L10.3 9.45l-7.72 7.72c-.78.78-.78 2.05 0 2.83L4 21.41c.39.39.9.59 1.41.59.51 0 1.02-.2 1.41-.59l7.78-7.78 2.81-2.81c.8-.78.8-2.07 0-2.86zM5.41 20L4 18.59l7.72-7.72 1.47 1.35L5.41 20z\"/>\n",
              "  </svg>\n",
              "      </button>\n",
              "      \n",
              "  <style>\n",
              "    .colab-df-container {\n",
              "      display:flex;\n",
              "      flex-wrap:wrap;\n",
              "      gap: 12px;\n",
              "    }\n",
              "\n",
              "    .colab-df-convert {\n",
              "      background-color: #E8F0FE;\n",
              "      border: none;\n",
              "      border-radius: 50%;\n",
              "      cursor: pointer;\n",
              "      display: none;\n",
              "      fill: #1967D2;\n",
              "      height: 32px;\n",
              "      padding: 0 0 0 0;\n",
              "      width: 32px;\n",
              "    }\n",
              "\n",
              "    .colab-df-convert:hover {\n",
              "      background-color: #E2EBFA;\n",
              "      box-shadow: 0px 1px 2px rgba(60, 64, 67, 0.3), 0px 1px 3px 1px rgba(60, 64, 67, 0.15);\n",
              "      fill: #174EA6;\n",
              "    }\n",
              "\n",
              "    [theme=dark] .colab-df-convert {\n",
              "      background-color: #3B4455;\n",
              "      fill: #D2E3FC;\n",
              "    }\n",
              "\n",
              "    [theme=dark] .colab-df-convert:hover {\n",
              "      background-color: #434B5C;\n",
              "      box-shadow: 0px 1px 3px 1px rgba(0, 0, 0, 0.15);\n",
              "      filter: drop-shadow(0px 1px 2px rgba(0, 0, 0, 0.3));\n",
              "      fill: #FFFFFF;\n",
              "    }\n",
              "  </style>\n",
              "\n",
              "      <script>\n",
              "        const buttonEl =\n",
              "          document.querySelector('#df-19a55507-6b9b-4718-8a91-a491248ee52f button.colab-df-convert');\n",
              "        buttonEl.style.display =\n",
              "          google.colab.kernel.accessAllowed ? 'block' : 'none';\n",
              "\n",
              "        async function convertToInteractive(key) {\n",
              "          const element = document.querySelector('#df-19a55507-6b9b-4718-8a91-a491248ee52f');\n",
              "          const dataTable =\n",
              "            await google.colab.kernel.invokeFunction('convertToInteractive',\n",
              "                                                     [key], {});\n",
              "          if (!dataTable) return;\n",
              "\n",
              "          const docLinkHtml = 'Like what you see? Visit the ' +\n",
              "            '<a target=\"_blank\" href=https://colab.research.google.com/notebooks/data_table.ipynb>data table notebook</a>'\n",
              "            + ' to learn more about interactive tables.';\n",
              "          element.innerHTML = '';\n",
              "          dataTable['output_type'] = 'display_data';\n",
              "          await google.colab.output.renderOutput(dataTable, element);\n",
              "          const docLink = document.createElement('div');\n",
              "          docLink.innerHTML = docLinkHtml;\n",
              "          element.appendChild(docLink);\n",
              "        }\n",
              "      </script>\n",
              "    </div>\n",
              "  </div>\n",
              "  "
            ]
          },
          "metadata": {},
          "execution_count": 6
        }
      ]
    },
    {
      "cell_type": "code",
      "source": [
        "df.corr()"
      ],
      "metadata": {
        "colab": {
          "base_uri": "https://localhost:8080/",
          "height": 713
        },
        "id": "c_IXsZJutGIL",
        "outputId": "c60cfdcc-f4bf-4e2e-a1f1-3f52c76bebb6"
      },
      "execution_count": 7,
      "outputs": [
        {
          "output_type": "stream",
          "name": "stderr",
          "text": [
            "<ipython-input-7-2f6f6606aa2c>:1: FutureWarning: The default value of numeric_only in DataFrame.corr is deprecated. In a future version, it will default to False. Select only valid columns or specify the value of numeric_only to silence this warning.\n",
            "  df.corr()\n"
          ]
        },
        {
          "output_type": "execute_result",
          "data": {
            "text/plain": [
              "              Times_at   Hits_in  Home_Runs   Runs_in   RBIs_in  Walks_in  \\\n",
              "Times_at      1.000000  0.964471   0.573066  0.902602  0.802811  0.635778   \n",
              "Hits_in       0.964471  1.000000   0.541654  0.911666  0.793115  0.606202   \n",
              "Home_Runs     0.573066  0.541654   1.000000  0.639649  0.853942  0.468349   \n",
              "Runs_in       0.902602  0.911666   0.639649  1.000000  0.780532  0.712881   \n",
              "RBIs_in       0.802811  0.793115   0.853942  0.780532  1.000000  0.590700   \n",
              "Walks_in      0.635778  0.606202   0.468349  0.712881  0.590700  1.000000   \n",
              "Years_in     -0.008483 -0.008032   0.097684 -0.042669  0.112911  0.108703   \n",
              "Career_Times  0.185556  0.179435   0.202872  0.141532  0.262756  0.247475   \n",
              "Career_Hits   0.205682  0.211114   0.201786  0.161928  0.277398  0.251699   \n",
              "Career_Home   0.205770  0.173975   0.492701  0.206490  0.435516  0.324783   \n",
              "Career_Runs   0.223149  0.221195   0.254135  0.216604  0.300969  0.318835   \n",
              "Career_RBIs   0.203166  0.192608   0.343686  0.171277  0.374748  0.289553   \n",
              "Career_Walks  0.123369  0.112289   0.234777  0.155111  0.236477  0.415012   \n",
              "Put_Outs      0.343953  0.327432   0.273194  0.285014  0.348609  0.301211   \n",
              "Assists       0.357579  0.321307  -0.111336  0.214381  0.098868  0.140359   \n",
              "Errors        0.357888  0.310549   0.023938  0.232651  0.182449  0.112599   \n",
              "1987_Salary   0.414299  0.451042   0.365613  0.433061  0.471174  0.464775   \n",
              "Log_Salary    0.415367  0.443871   0.340911  0.419233  0.442946  0.432804   \n",
              "\n",
              "              Years_in  Career_Times  Career_Hits  Career_Home  Career_Runs  \\\n",
              "Times_at     -0.008483      0.185556     0.205682     0.205770     0.223149   \n",
              "Hits_in      -0.008032      0.179435     0.211114     0.173975     0.221195   \n",
              "Home_Runs     0.097684      0.202872     0.201786     0.492701     0.254135   \n",
              "Runs_in      -0.042669      0.141532     0.161928     0.206490     0.216604   \n",
              "RBIs_in       0.112911      0.262756     0.277398     0.435516     0.300969   \n",
              "Walks_in      0.108703      0.247475     0.251699     0.324783     0.318835   \n",
              "Years_in      1.000000      0.920662     0.903518     0.721487     0.879472   \n",
              "Career_Times  0.920662      1.000000     0.994892     0.792221     0.980695   \n",
              "Career_Hits   0.903518      0.994892     1.000000     0.775726     0.982083   \n",
              "Career_Home   0.721487      0.792221     0.775726     1.000000     0.820930   \n",
              "Career_Runs   0.879472      0.980695     0.982083     0.820930     1.000000   \n",
              "Career_RBIs   0.868221      0.947415     0.942544     0.927985     0.943141   \n",
              "Career_Walks  0.832990      0.900345     0.884523     0.806193     0.926772   \n",
              "Put_Outs     -0.009952      0.061036     0.074612     0.089652     0.054204   \n",
              "Assists      -0.097302     -0.013053    -0.016525    -0.160321    -0.033567   \n",
              "Errors       -0.186119     -0.088050    -0.083252    -0.158375    -0.106250   \n",
              "1987_Salary   0.385688      0.507984     0.530213     0.501658     0.551009   \n",
              "Log_Salary    0.491054      0.566759     0.578199     0.471370     0.581719   \n",
              "\n",
              "              Career_RBIs  Career_Walks  Put_Outs   Assists    Errors  \\\n",
              "Times_at         0.203166      0.123369  0.343953  0.357579  0.357888   \n",
              "Hits_in          0.192608      0.112289  0.327432  0.321307  0.310549   \n",
              "Home_Runs        0.343686      0.234777  0.273194 -0.111336  0.023938   \n",
              "Runs_in          0.171277      0.155111  0.285014  0.214381  0.232651   \n",
              "RBIs_in          0.374748      0.236477  0.348609  0.098868  0.182449   \n",
              "Walks_in         0.289553      0.415012  0.301211  0.140359  0.112599   \n",
              "Years_in         0.868221      0.832990 -0.009952 -0.097302 -0.186119   \n",
              "Career_Times     0.947415      0.900345  0.061036 -0.013053 -0.088050   \n",
              "Career_Hits      0.942544      0.884523  0.074612 -0.016525 -0.083252   \n",
              "Career_Home      0.927985      0.806193  0.089652 -0.160321 -0.158375   \n",
              "Career_Runs      0.943141      0.926772  0.054204 -0.033567 -0.106250   \n",
              "Career_RBIs      1.000000      0.885003  0.100882 -0.091255 -0.123244   \n",
              "Career_Walks     0.885003      1.000000  0.045732 -0.045502 -0.140267   \n",
              "Put_Outs         0.100882      0.045732  1.000000 -0.025204  0.109738   \n",
              "Assists         -0.091255     -0.045502 -0.025204  1.000000  0.706346   \n",
              "Errors          -0.123244     -0.140267  0.109738  0.706346  1.000000   \n",
              "1987_Salary      0.541862      0.488977  0.270767  0.024363 -0.005061   \n",
              "Log_Salary       0.550983      0.511934  0.202328  0.048495 -0.018822   \n",
              "\n",
              "              1987_Salary  Log_Salary  \n",
              "Times_at         0.414299    0.415367  \n",
              "Hits_in          0.451042    0.443871  \n",
              "Home_Runs        0.365613    0.340911  \n",
              "Runs_in          0.433061    0.419233  \n",
              "RBIs_in          0.471174    0.442946  \n",
              "Walks_in         0.464775    0.432804  \n",
              "Years_in         0.385688    0.491054  \n",
              "Career_Times     0.507984    0.566759  \n",
              "Career_Hits      0.530213    0.578199  \n",
              "Career_Home      0.501658    0.471370  \n",
              "Career_Runs      0.551009    0.581719  \n",
              "Career_RBIs      0.541862    0.550983  \n",
              "Career_Walks     0.488977    0.511934  \n",
              "Put_Outs         0.270767    0.202328  \n",
              "Assists          0.024363    0.048495  \n",
              "Errors          -0.005061   -0.018822  \n",
              "1987_Salary      1.000000    0.895432  \n",
              "Log_Salary       0.895432    1.000000  "
            ],
            "text/html": [
              "\n",
              "  <div id=\"df-7636b660-ceb0-4dc1-939a-2cfbc103089f\">\n",
              "    <div class=\"colab-df-container\">\n",
              "      <div>\n",
              "<style scoped>\n",
              "    .dataframe tbody tr th:only-of-type {\n",
              "        vertical-align: middle;\n",
              "    }\n",
              "\n",
              "    .dataframe tbody tr th {\n",
              "        vertical-align: top;\n",
              "    }\n",
              "\n",
              "    .dataframe thead th {\n",
              "        text-align: right;\n",
              "    }\n",
              "</style>\n",
              "<table border=\"1\" class=\"dataframe\">\n",
              "  <thead>\n",
              "    <tr style=\"text-align: right;\">\n",
              "      <th></th>\n",
              "      <th>Times_at</th>\n",
              "      <th>Hits_in</th>\n",
              "      <th>Home_Runs</th>\n",
              "      <th>Runs_in</th>\n",
              "      <th>RBIs_in</th>\n",
              "      <th>Walks_in</th>\n",
              "      <th>Years_in</th>\n",
              "      <th>Career_Times</th>\n",
              "      <th>Career_Hits</th>\n",
              "      <th>Career_Home</th>\n",
              "      <th>Career_Runs</th>\n",
              "      <th>Career_RBIs</th>\n",
              "      <th>Career_Walks</th>\n",
              "      <th>Put_Outs</th>\n",
              "      <th>Assists</th>\n",
              "      <th>Errors</th>\n",
              "      <th>1987_Salary</th>\n",
              "      <th>Log_Salary</th>\n",
              "    </tr>\n",
              "  </thead>\n",
              "  <tbody>\n",
              "    <tr>\n",
              "      <th>Times_at</th>\n",
              "      <td>1.000000</td>\n",
              "      <td>0.964471</td>\n",
              "      <td>0.573066</td>\n",
              "      <td>0.902602</td>\n",
              "      <td>0.802811</td>\n",
              "      <td>0.635778</td>\n",
              "      <td>-0.008483</td>\n",
              "      <td>0.185556</td>\n",
              "      <td>0.205682</td>\n",
              "      <td>0.205770</td>\n",
              "      <td>0.223149</td>\n",
              "      <td>0.203166</td>\n",
              "      <td>0.123369</td>\n",
              "      <td>0.343953</td>\n",
              "      <td>0.357579</td>\n",
              "      <td>0.357888</td>\n",
              "      <td>0.414299</td>\n",
              "      <td>0.415367</td>\n",
              "    </tr>\n",
              "    <tr>\n",
              "      <th>Hits_in</th>\n",
              "      <td>0.964471</td>\n",
              "      <td>1.000000</td>\n",
              "      <td>0.541654</td>\n",
              "      <td>0.911666</td>\n",
              "      <td>0.793115</td>\n",
              "      <td>0.606202</td>\n",
              "      <td>-0.008032</td>\n",
              "      <td>0.179435</td>\n",
              "      <td>0.211114</td>\n",
              "      <td>0.173975</td>\n",
              "      <td>0.221195</td>\n",
              "      <td>0.192608</td>\n",
              "      <td>0.112289</td>\n",
              "      <td>0.327432</td>\n",
              "      <td>0.321307</td>\n",
              "      <td>0.310549</td>\n",
              "      <td>0.451042</td>\n",
              "      <td>0.443871</td>\n",
              "    </tr>\n",
              "    <tr>\n",
              "      <th>Home_Runs</th>\n",
              "      <td>0.573066</td>\n",
              "      <td>0.541654</td>\n",
              "      <td>1.000000</td>\n",
              "      <td>0.639649</td>\n",
              "      <td>0.853942</td>\n",
              "      <td>0.468349</td>\n",
              "      <td>0.097684</td>\n",
              "      <td>0.202872</td>\n",
              "      <td>0.201786</td>\n",
              "      <td>0.492701</td>\n",
              "      <td>0.254135</td>\n",
              "      <td>0.343686</td>\n",
              "      <td>0.234777</td>\n",
              "      <td>0.273194</td>\n",
              "      <td>-0.111336</td>\n",
              "      <td>0.023938</td>\n",
              "      <td>0.365613</td>\n",
              "      <td>0.340911</td>\n",
              "    </tr>\n",
              "    <tr>\n",
              "      <th>Runs_in</th>\n",
              "      <td>0.902602</td>\n",
              "      <td>0.911666</td>\n",
              "      <td>0.639649</td>\n",
              "      <td>1.000000</td>\n",
              "      <td>0.780532</td>\n",
              "      <td>0.712881</td>\n",
              "      <td>-0.042669</td>\n",
              "      <td>0.141532</td>\n",
              "      <td>0.161928</td>\n",
              "      <td>0.206490</td>\n",
              "      <td>0.216604</td>\n",
              "      <td>0.171277</td>\n",
              "      <td>0.155111</td>\n",
              "      <td>0.285014</td>\n",
              "      <td>0.214381</td>\n",
              "      <td>0.232651</td>\n",
              "      <td>0.433061</td>\n",
              "      <td>0.419233</td>\n",
              "    </tr>\n",
              "    <tr>\n",
              "      <th>RBIs_in</th>\n",
              "      <td>0.802811</td>\n",
              "      <td>0.793115</td>\n",
              "      <td>0.853942</td>\n",
              "      <td>0.780532</td>\n",
              "      <td>1.000000</td>\n",
              "      <td>0.590700</td>\n",
              "      <td>0.112911</td>\n",
              "      <td>0.262756</td>\n",
              "      <td>0.277398</td>\n",
              "      <td>0.435516</td>\n",
              "      <td>0.300969</td>\n",
              "      <td>0.374748</td>\n",
              "      <td>0.236477</td>\n",
              "      <td>0.348609</td>\n",
              "      <td>0.098868</td>\n",
              "      <td>0.182449</td>\n",
              "      <td>0.471174</td>\n",
              "      <td>0.442946</td>\n",
              "    </tr>\n",
              "    <tr>\n",
              "      <th>Walks_in</th>\n",
              "      <td>0.635778</td>\n",
              "      <td>0.606202</td>\n",
              "      <td>0.468349</td>\n",
              "      <td>0.712881</td>\n",
              "      <td>0.590700</td>\n",
              "      <td>1.000000</td>\n",
              "      <td>0.108703</td>\n",
              "      <td>0.247475</td>\n",
              "      <td>0.251699</td>\n",
              "      <td>0.324783</td>\n",
              "      <td>0.318835</td>\n",
              "      <td>0.289553</td>\n",
              "      <td>0.415012</td>\n",
              "      <td>0.301211</td>\n",
              "      <td>0.140359</td>\n",
              "      <td>0.112599</td>\n",
              "      <td>0.464775</td>\n",
              "      <td>0.432804</td>\n",
              "    </tr>\n",
              "    <tr>\n",
              "      <th>Years_in</th>\n",
              "      <td>-0.008483</td>\n",
              "      <td>-0.008032</td>\n",
              "      <td>0.097684</td>\n",
              "      <td>-0.042669</td>\n",
              "      <td>0.112911</td>\n",
              "      <td>0.108703</td>\n",
              "      <td>1.000000</td>\n",
              "      <td>0.920662</td>\n",
              "      <td>0.903518</td>\n",
              "      <td>0.721487</td>\n",
              "      <td>0.879472</td>\n",
              "      <td>0.868221</td>\n",
              "      <td>0.832990</td>\n",
              "      <td>-0.009952</td>\n",
              "      <td>-0.097302</td>\n",
              "      <td>-0.186119</td>\n",
              "      <td>0.385688</td>\n",
              "      <td>0.491054</td>\n",
              "    </tr>\n",
              "    <tr>\n",
              "      <th>Career_Times</th>\n",
              "      <td>0.185556</td>\n",
              "      <td>0.179435</td>\n",
              "      <td>0.202872</td>\n",
              "      <td>0.141532</td>\n",
              "      <td>0.262756</td>\n",
              "      <td>0.247475</td>\n",
              "      <td>0.920662</td>\n",
              "      <td>1.000000</td>\n",
              "      <td>0.994892</td>\n",
              "      <td>0.792221</td>\n",
              "      <td>0.980695</td>\n",
              "      <td>0.947415</td>\n",
              "      <td>0.900345</td>\n",
              "      <td>0.061036</td>\n",
              "      <td>-0.013053</td>\n",
              "      <td>-0.088050</td>\n",
              "      <td>0.507984</td>\n",
              "      <td>0.566759</td>\n",
              "    </tr>\n",
              "    <tr>\n",
              "      <th>Career_Hits</th>\n",
              "      <td>0.205682</td>\n",
              "      <td>0.211114</td>\n",
              "      <td>0.201786</td>\n",
              "      <td>0.161928</td>\n",
              "      <td>0.277398</td>\n",
              "      <td>0.251699</td>\n",
              "      <td>0.903518</td>\n",
              "      <td>0.994892</td>\n",
              "      <td>1.000000</td>\n",
              "      <td>0.775726</td>\n",
              "      <td>0.982083</td>\n",
              "      <td>0.942544</td>\n",
              "      <td>0.884523</td>\n",
              "      <td>0.074612</td>\n",
              "      <td>-0.016525</td>\n",
              "      <td>-0.083252</td>\n",
              "      <td>0.530213</td>\n",
              "      <td>0.578199</td>\n",
              "    </tr>\n",
              "    <tr>\n",
              "      <th>Career_Home</th>\n",
              "      <td>0.205770</td>\n",
              "      <td>0.173975</td>\n",
              "      <td>0.492701</td>\n",
              "      <td>0.206490</td>\n",
              "      <td>0.435516</td>\n",
              "      <td>0.324783</td>\n",
              "      <td>0.721487</td>\n",
              "      <td>0.792221</td>\n",
              "      <td>0.775726</td>\n",
              "      <td>1.000000</td>\n",
              "      <td>0.820930</td>\n",
              "      <td>0.927985</td>\n",
              "      <td>0.806193</td>\n",
              "      <td>0.089652</td>\n",
              "      <td>-0.160321</td>\n",
              "      <td>-0.158375</td>\n",
              "      <td>0.501658</td>\n",
              "      <td>0.471370</td>\n",
              "    </tr>\n",
              "    <tr>\n",
              "      <th>Career_Runs</th>\n",
              "      <td>0.223149</td>\n",
              "      <td>0.221195</td>\n",
              "      <td>0.254135</td>\n",
              "      <td>0.216604</td>\n",
              "      <td>0.300969</td>\n",
              "      <td>0.318835</td>\n",
              "      <td>0.879472</td>\n",
              "      <td>0.980695</td>\n",
              "      <td>0.982083</td>\n",
              "      <td>0.820930</td>\n",
              "      <td>1.000000</td>\n",
              "      <td>0.943141</td>\n",
              "      <td>0.926772</td>\n",
              "      <td>0.054204</td>\n",
              "      <td>-0.033567</td>\n",
              "      <td>-0.106250</td>\n",
              "      <td>0.551009</td>\n",
              "      <td>0.581719</td>\n",
              "    </tr>\n",
              "    <tr>\n",
              "      <th>Career_RBIs</th>\n",
              "      <td>0.203166</td>\n",
              "      <td>0.192608</td>\n",
              "      <td>0.343686</td>\n",
              "      <td>0.171277</td>\n",
              "      <td>0.374748</td>\n",
              "      <td>0.289553</td>\n",
              "      <td>0.868221</td>\n",
              "      <td>0.947415</td>\n",
              "      <td>0.942544</td>\n",
              "      <td>0.927985</td>\n",
              "      <td>0.943141</td>\n",
              "      <td>1.000000</td>\n",
              "      <td>0.885003</td>\n",
              "      <td>0.100882</td>\n",
              "      <td>-0.091255</td>\n",
              "      <td>-0.123244</td>\n",
              "      <td>0.541862</td>\n",
              "      <td>0.550983</td>\n",
              "    </tr>\n",
              "    <tr>\n",
              "      <th>Career_Walks</th>\n",
              "      <td>0.123369</td>\n",
              "      <td>0.112289</td>\n",
              "      <td>0.234777</td>\n",
              "      <td>0.155111</td>\n",
              "      <td>0.236477</td>\n",
              "      <td>0.415012</td>\n",
              "      <td>0.832990</td>\n",
              "      <td>0.900345</td>\n",
              "      <td>0.884523</td>\n",
              "      <td>0.806193</td>\n",
              "      <td>0.926772</td>\n",
              "      <td>0.885003</td>\n",
              "      <td>1.000000</td>\n",
              "      <td>0.045732</td>\n",
              "      <td>-0.045502</td>\n",
              "      <td>-0.140267</td>\n",
              "      <td>0.488977</td>\n",
              "      <td>0.511934</td>\n",
              "    </tr>\n",
              "    <tr>\n",
              "      <th>Put_Outs</th>\n",
              "      <td>0.343953</td>\n",
              "      <td>0.327432</td>\n",
              "      <td>0.273194</td>\n",
              "      <td>0.285014</td>\n",
              "      <td>0.348609</td>\n",
              "      <td>0.301211</td>\n",
              "      <td>-0.009952</td>\n",
              "      <td>0.061036</td>\n",
              "      <td>0.074612</td>\n",
              "      <td>0.089652</td>\n",
              "      <td>0.054204</td>\n",
              "      <td>0.100882</td>\n",
              "      <td>0.045732</td>\n",
              "      <td>1.000000</td>\n",
              "      <td>-0.025204</td>\n",
              "      <td>0.109738</td>\n",
              "      <td>0.270767</td>\n",
              "      <td>0.202328</td>\n",
              "    </tr>\n",
              "    <tr>\n",
              "      <th>Assists</th>\n",
              "      <td>0.357579</td>\n",
              "      <td>0.321307</td>\n",
              "      <td>-0.111336</td>\n",
              "      <td>0.214381</td>\n",
              "      <td>0.098868</td>\n",
              "      <td>0.140359</td>\n",
              "      <td>-0.097302</td>\n",
              "      <td>-0.013053</td>\n",
              "      <td>-0.016525</td>\n",
              "      <td>-0.160321</td>\n",
              "      <td>-0.033567</td>\n",
              "      <td>-0.091255</td>\n",
              "      <td>-0.045502</td>\n",
              "      <td>-0.025204</td>\n",
              "      <td>1.000000</td>\n",
              "      <td>0.706346</td>\n",
              "      <td>0.024363</td>\n",
              "      <td>0.048495</td>\n",
              "    </tr>\n",
              "    <tr>\n",
              "      <th>Errors</th>\n",
              "      <td>0.357888</td>\n",
              "      <td>0.310549</td>\n",
              "      <td>0.023938</td>\n",
              "      <td>0.232651</td>\n",
              "      <td>0.182449</td>\n",
              "      <td>0.112599</td>\n",
              "      <td>-0.186119</td>\n",
              "      <td>-0.088050</td>\n",
              "      <td>-0.083252</td>\n",
              "      <td>-0.158375</td>\n",
              "      <td>-0.106250</td>\n",
              "      <td>-0.123244</td>\n",
              "      <td>-0.140267</td>\n",
              "      <td>0.109738</td>\n",
              "      <td>0.706346</td>\n",
              "      <td>1.000000</td>\n",
              "      <td>-0.005061</td>\n",
              "      <td>-0.018822</td>\n",
              "    </tr>\n",
              "    <tr>\n",
              "      <th>1987_Salary</th>\n",
              "      <td>0.414299</td>\n",
              "      <td>0.451042</td>\n",
              "      <td>0.365613</td>\n",
              "      <td>0.433061</td>\n",
              "      <td>0.471174</td>\n",
              "      <td>0.464775</td>\n",
              "      <td>0.385688</td>\n",
              "      <td>0.507984</td>\n",
              "      <td>0.530213</td>\n",
              "      <td>0.501658</td>\n",
              "      <td>0.551009</td>\n",
              "      <td>0.541862</td>\n",
              "      <td>0.488977</td>\n",
              "      <td>0.270767</td>\n",
              "      <td>0.024363</td>\n",
              "      <td>-0.005061</td>\n",
              "      <td>1.000000</td>\n",
              "      <td>0.895432</td>\n",
              "    </tr>\n",
              "    <tr>\n",
              "      <th>Log_Salary</th>\n",
              "      <td>0.415367</td>\n",
              "      <td>0.443871</td>\n",
              "      <td>0.340911</td>\n",
              "      <td>0.419233</td>\n",
              "      <td>0.442946</td>\n",
              "      <td>0.432804</td>\n",
              "      <td>0.491054</td>\n",
              "      <td>0.566759</td>\n",
              "      <td>0.578199</td>\n",
              "      <td>0.471370</td>\n",
              "      <td>0.581719</td>\n",
              "      <td>0.550983</td>\n",
              "      <td>0.511934</td>\n",
              "      <td>0.202328</td>\n",
              "      <td>0.048495</td>\n",
              "      <td>-0.018822</td>\n",
              "      <td>0.895432</td>\n",
              "      <td>1.000000</td>\n",
              "    </tr>\n",
              "  </tbody>\n",
              "</table>\n",
              "</div>\n",
              "      <button class=\"colab-df-convert\" onclick=\"convertToInteractive('df-7636b660-ceb0-4dc1-939a-2cfbc103089f')\"\n",
              "              title=\"Convert this dataframe to an interactive table.\"\n",
